7,16,17,19
7
3,5
7
2,7,22
19
1,2
3,7
2,7,9,14,22,24
3
1,4
22
1,2
4,10,14,17,21,22,25,30
1,17,21,23
7
7
2
7
2,4,7,10,14,16,17,22
1,7,10,16,19,21,30
1,2
1
4
1,2,3,4,9,20,24,25
4,14,24
7
1,2,3,20,28,30
1,2,4,7,8,14,19,20,21,22,25,27,28,31
1,2,7,10
7,22
22
1
11,21
1,4,7,10
7,22,23,24
4,14,20,28
3
4,16
1,2
16,17,22
2
1,7
2,22
7
1
1,4
2,7,8,19,23,24,25
7
10
7
3
1
1,2,9
3,7
4,7
7
7,22
3
11
4
1,2,4,14,21
1
1,2,3,4,9,14
6
1,2
1,7,14,27,31
5,11,14
7,21,22
17
7
1
11,12,13,16,17,21
7,22
10,23
1
14
16
1,4,7,17
7,22,31
1,7
7,8,24,25
2,7
4
7,22,24
7
1,18
7
7,17,18,22
7,9,17,22,23,26
2
7
10,19,20,22,24
7,8
2,7
14,21,26
2,12,19,22,25
7,31
7,23,24
1,2,3,4,5,6,7,8,9,14,19,27,28
7
7
7,22
1,2
7
7,17
1,2
7
7
7,9,19
19,22,23
7
21
17,19,22,23,26,31
4
1,2,4
1
2
1,2,3,4,5,14
2
7
1,4,7,21,25
2,16,17,22
1
3
7,11
7
1,2,9
3,7
7,9,10,20,22,24,25,26
2,9,11
13
7
2,3,6
2
1,2,7,17,21
1,2
22
22,24
22
19
1,2,5,7,10
10
1,2,7,9,20,28
7,14
7
4,14
17
7
7,22
1,2,10
1
3
7
7,22
7
21
7,9,22,25
7
16
1,4,7
7,22
14
22
7,8,14,15
1
17
7,18,21,23,25
22
3
7
7
4
7
1,2
3,4,6,7,10,28
2
1,2,4,7,10,19,25,26,28
1,2,3,17,21
1,2,3,7,8,11,21,28
1
22
1,19
2
1,2,7,25
7
7,22
2
2,7
14
7,22
1,2,3,7,10
1,3,9
1,2,3,20,25,28
7
4,11
4,14,22
1,11,12,14,17,20,21,22,26,27,31
7
7,21
4,7,10,17,22,25
14
7
1,2,7,10
7
8,9,22,23
7
7
7
2,4,14,17
4,19
4,14
1,4,7,25
7
1,2,3
1,2,4,7,14,20,25
1,3,7,23,24
1,2,3,4,7,10,11,14,22,26
22
7
7,9,16,17,18
1,3,4,7,14,20
22
2,3,4,9,19,20,28
2,3,7,10,11,21
2,25
1,7,9,16,17,19,21,24
1,2,7,13,17,21,22,23,25
7,11
7,17
19,22
22,24
3
11
7
11,16,17,18
1,9
5
21
2,3
22
4,14,17
1,11,25,29
2,3,11,19
1,2,3,14,17,21,25,28
22
4,9,14,17,21,27
7
4,7
7
1,2,4,7,14,17,18,19
1,3
22
7
4,7
2
7
2
2,7,8,9
14,22
2
2,10
7
7
1
1,2
11
7,11,18
1,2
13,16,17,28,30
7,23
7
4,7,10,25
7,11,17,21
7
1,19,20,22,24,25,28
4
11,21,31
7
10
7
9
14
1
7,10,22
11,13,15,17
14,19,22
15
4,7,8,9,10,14,16,19,28
2
7
1,2,3,4,7,19,21,22,24,25,26
14,22
2,7,14,24
7
7
1,2,7,17,25
7,21
7
1
1,2,4,7,14,17
1,2,11,18,25
7
1,4,5,7,9,10,14,18,19,21,25,28
7
1,14
1,7
2,7,19,25
24
21
7
7
3
17
1,2,3
17
2
1,22
1
16
4
7,22
1,2
1,3,7,9,10,21,25,26,28,29
7
7,9
7,8,10,24
1
22
1,2,4,27,29
7
7
1,25
1,2,8,9,25,28
19,22,31
23
1,7
21
19
2,7
3
1
3
1,2
7,17
7
7
1,2,3,5,7,9,10,22
2,4,14
14
8,19,25
4,6,14
7
7,22
17
1,4
1,7,25
7
18
7,9,14,21
1,2
1,3,7
1,2
1,4,14
2,7,19,25
21
18,20,28
1,2,21
1,14,22
7
7
7
2
7
7
4,14
7,10,14,22,24
1
7
7,22
11,14,17,27,30,31
19,23,24,26
3,5
1,2,3,9
16,17
18
7
7,21,22
7
8,23,26
21,22
9
7,17
1,2,7,14,24
14
1,3,4,7,8,14,26
7
1,14,18
7
8,9,10,13,18,24
7,10,18
7
7
2
1,2
14,16,17,22,25
1,2,17,20,28
13,14,16,17,18
1,2,3
1,2,7,22,23,25
8,14,22
7,22
22
22
1,2
4,11
7
4,9,10,14,18,20,22,24
2,3,4
2,7
2
1,2,4,7,8,9,10,25,30
1
1
3,7
1,2,7
10
9,17
5,10,14,19,21
7,22
1,4,7,14,17,20,22,23,24,25,28
17
7
2,7,22
1,2,3,9,10,11,19,21,25,30
1,2,4,7,14,19,22,27
2
16
22
3
1,7,14,16,17,22
7
1,8,19,22
7
3
8,17,21
1,2,3,4,5,7,10,13
4,7,9,10,18,19,22,23,24,29
1
1,2
7
1,4
2,3,10,19,20
7,22
7,14
1,2,9,14,17,20,23,26
7,8,11,14,17,20,22,23,24,25,28
22
2,3,9,21,27
1,2,3,4,10,19,21,25
7,19
1,2,3,4,5,7,8,24
5
3
2
19,22
22
7,8,9
4,7,8,12,14
11
7
1,29
2
1
1,2,25
18,22
2,22
2
7,20
1,2,14,17
1,2,7,19,21,25,27
1,7,13,14,21,25
2
22
17
2,3,27
1,2,4,7,14,21,25
1
1,2,4,14
2,3,7,10
7
4,7,14,17
6,7
2,3,7,17
17
1,9,14,17,20,22,24,28
1,2
9,19
11,21,22,24
2
2,19
2,5,7
7,14,17,22,25
19,26
7
7,14,16,17,22,23,30
2
1,7,17,18,19,22,23,25
19
9
9
7,9
1,2,14,21
7,8,14,22
2,19
1,7,11
2
4
14
7,9,14,22,24
7,8,11,13,14,16,17,21,22,27,28
1,2,3,4,7,8,9,15,19
4,24
7
2
1,2
1
2,3
4,10,22
2
4,7,11,14,23
1
1,4,7,22
2,19
7
4,14
7,22,25
7
1,4,9,11,17,21,22
7
1
3
12,21
1,2,7,9,10,25
4
7
21,22
1,16
18
3,7,9
7
1,7
4
1,2,3,4,9
2
2,19
14,18,22,25,26
7,22
7
10
22
26
7
22
2
1,2,7,25
7,22
7,18,19,26
17,22
2
1
11
1,17
7,9,22,24
4,9
19
9
1,2,3,4,7,10,17,25
2
4,7,14,18,22,23,24
7
13
14,17,26
7
2,21
10
22
30
7,17,21,22,24
1,2,5,9
1,2
22
7
7
4
7
7,22
2,4,7
3
7
21
14
14
13
3
1,2,3,8,17
7
1,2
7
1,2,3,4
7,14,16,17,20,21,22,24
7,11
2
4,14,17,20,21,22,27,28,30
1,9,14,17,22
7
7,19
9,11
2,7
4
1,2,7,9,10,12,23
7
7,19,22,24,28
7
1
7
7
1,2,3
7
11
1,4,11,14,19,21,25
14
1,2,7,9,14,24,25,27
14,21
1
1,2,3,4,20
2
7
1
1,7,8,10,11,14,16,17,18,22,23,24
1,7,8,10,19,22,23,24,25,29,31
9
10
1,4,7,13,14,25
7,10
2
19
1,2,10
1,2
1,2,3,7,11,17,18,28
1,2,3,7,8,10,17,20,22,24,25,28
1,2,3,4,7,14,19,21
4,7,10
1,14
2,9,25
1,2,4,7,14,21,24,27,30,31
21
7,16
7,31
7,10,17
2
1,22,23,25
22
7
6
5,7
6
3
16,19
14,17,24
11
1,14,24
7
7,22
1,3,4,7,14,21,23,24
22
7
13
7
1
10
1,2
1,2
21,22
2
3
2,3,7,9,11
7
14,21,26,31
7
14
14
7
18
1,2,7,10,19,22
1,4,7,10,25,30
4
7
4
2,27
1,2,7,25
7,19,22
11
22,23
2
16,17
1,7,25
7
21
2,7,8
1,2,3,10
1,2,25
20,26
7
1,2,3,4,8,9,10,11,17,20,26,28
3,9
14
1,7
1,17
7
3
7
9
7
11,18
7,9,20,28
3,7
7,19
18,22
2,3
19,22
7,8,13,14,18,22,23,24
19,20,22,30
1,2,7
7,20
2
7,19
7
1,2,3
1,2,3,8
7,11
7
4
1
1
7
14,17,19
7,14,16,21
14,19,22,24
7
1,4
21
1,2,7
7,11
2
21,22
22
7
1
2,7,9,10,15,17
25,26
4,10,16,17,19,22,24,28,29
1
7
1,2,14,19,20,24,25,28,29
10
4,7
2
2,3,7,9
22
2
7
7,22
7,22
2,18
4
22
1
7
2,7
21
1,2,10
1,2,3,4,7,17,19
1,2,3,4,5,7,9,10,14,16,17,22,31
7
1
7,18
14
1,2,7,13,14,19,20,25,27
8,10,16,17,21,22
1
7,11
1,2,3,7,25
1,9
7
1
1,2,3,25
14
7
19
4
2
8
1,2,3,4
17
1,7
4,10
7
4,14,28
7,18
7
1
4
8,9,14,17,18,22,23,24
1,4,17
1,4,14
1
1,14
7,11
7
2,7
4
16,17
7
2,7
1,2,4,7,8,9,10,14,19,20,21,22,23,24,25,27,28,29,30
7
1,2,4,9,25
2,7
19,22
1,2,4,21
1,14,17
2
10
7
18,22,24
7,17
7,8,9
7
7
1,9
1,2,4,7,11,14,24,25,28,30
4,14
7,8,9,28
22
22
7
1,2,3,4,7,9,10,19,25
7
22
1,2,19
18
7,19
1
4
7
1
4,7
7
1,8,9,10,24,25,26
19
1
1,7,22,25
17
9,14,16
2,7,11,14
7,9,11,13,23
22
1,2
7,10
4
4,7,14,17,20,24,28
31
2,3,4
1,10,14,17,18,22
1
1,9,20,28
3
17
2,3,7
1,4,7
7,25
7
19,22
1,9,20
7
17
2
7
1,2,4
4,10,14,19,22,23,25,26
2,7
7,22
1,2,3,7,17,24,29
1,4,7,14
7,8,10,11,14,17,21,22,23,24
7,17
7,22
11,16,17,22
31
1,2
2
2,3,7,25
4,14,21
11,16,18,20,21,28
7,14
7
19
7
1,9
7
2
2,11,12,14,15,17
7
7
14,16,22,30
19
1,2,7,9,25
12,19,22
1,4
7
7
7
2,3,9
7
2,8,10,11,13,17,19,20,21,23,25,28
3
10,20,21,22,28,31
2,3,5,6,11,19,20
17
19,22
2,3,7
7,10,14,17,18,28
24
1,2,7,9,14,30
9
1,4,25
7
7
4,20
7
22
10
19
4
1,2
7
1
1,2,4,7,9,19,25,27
1,2,19
4,7,9,13,14,20,21,23
7
7
1,2,3,11,14,21,26,31
7
17
7
7
7,8
21,22
7,21
1,2,7,8,24,25
2
7,11,14,17,18,19,21,22,29
11,19,27
7
1,14,21,25
7,21
1,2
2,3,4,5,6,13,14,16,20,21,27,29,30
16,17,20,21,28
1,2,3,9
7
7
2,7
10
22
2
4,10
7,8,10,11,17,18,19,20,21,22,23,24,28,31
11
22
26
1,2,7
7
4
19
7,22
2,16
1,2,4,12,14,18
1,8,22
2,5,7,14,28
21,24
1,2,7
7,18,22
1,7,14,25
2
1,2,7,9,14,17,20,21,22,23,24,25
2
6,9
7
7
1,2
1,4,7,10,14,30
7
1,4,7,14
2
22
1
1,2,7,10,11,13,14,25
10,21,22,24,26
4
2
10
3
1,5,7,14,17,27
3
1,2,3,4,7,14,25,30
4
7
1,2,7,25
1,14,17,20,30
1
1,2,3,4,10,17
5
8
1
3,7
1,2,3,9
26
