108,172,116,22,4,148,74,0,95,2,155,138,158,171,61,56,80,109,162,146,55,24,157,143,112,73,23,1,133
115,112,116,51
5,0,150,32,156
24,133,156,4
21,29,133,156,62
107
112,155,31
146,112,75,133,74,62
80,2
112
133,150,145
80
112,58
124,19,144,67,163,112,2,139,145,156,58
80
157,67,4,80,150,73,155
162,107,22,96,150
112
21,157,4,80,133,155
138,108,55,0,66,2,133,156,74
108,21,107,70,0,92,18,155,156,58,138,5,80,109,32,146,7,157,67,110,73,52,3,133
112,133
112,75
146,24,120,1,157,66,29,4,112,80,2,75,140,56,133,156,62
157,80,2,140,133,58
162,14,8,107,87,66,96,4,150,2,109,140,133,156,74
18
8,107,24,157,29,56,150,80,1,74,58
162,49,7,24,149,4,112,114,75,109,77,155
133
43,108,55,8,142,150,145,17,140,133,74
162,24,87,116,150,140,133
115,133,148,116
5,92
162,146,18,4,31,112,110,148,80,109,133,165,160,1,54,74,34
146,144,80,140,133,156
24,133
112,155
112,142,74
156,164,58
156,80
146,7,112,80,77,140,58
140,24,29
108,120,4,150,160,142,74,29,156,155,113,19,96,47,56,80,109,140,146,55,24,157,66,112,110,75,73,1,133
170,8,107,149,103,51,4,142,34,150,80,133,17,140,85,54,156,165
140,145,156,177
162,43,146,14,55,93,68,87,144,116,29,143,115,112,80,23,139
156,66
4,74,2,155,156,58,113,14,158,80,109,140,145,146,59,55,24,157,66,112,110,75,73,56,133
19,142,8
21,24,133,74
146,7,21,24,120,149,157,144,4,112,80,2,23,139,140,145,58
149
146,59,21,156,120,29,4,164,112,110,80,75,2,177,109,140,133,155,74,58
59,107,149,29,4,80
157,18,51,67,31,110,80,148,23,140,133,155
112,155
21
108,21,107,116,22,4,141,163,148,160,142,1,92,18,2,156,169,58,5,19,61,80,140,32,145,162,146,59,90,7,8,24,157,112,56,133
156,74
108,172,107,21,120,22,4,163,114,3,15,74,0,1,18,29,2,17,85,155,156,14,113,5,19,96,61,80,140,145,26,24,87,157,143,112,75,23,52,56,133
156,51,4,165
133,110
120,4,112,133,177
162,66,51,77
58,80,55,165
58
14,112,80,140,156
146,93,149,112,80,2,109,140,1,133
110,80,133
108,124,24,120,149,144,164,112,150,109,54,156,74,58
59,55,157,80,109,140,133,155
59,172,169,21,19,0,149,66,22,150,133,140,142,156,177
146,24,18,4,75,2,156
60,90,21,18,29,151,112,2,133
108,149,4,163,142,74,18,2,156,58,138,19,80,140,32,59,24,157,112,75,73,56,133
14,138,59,5,0,18,80,73,23,52,140,156,177,165
124,149,144,4,163,142,74,29,159,139,156,19,164,80,109,140,62,24,157,52,1,133
133,92,74
56,155
138,0,29,75,32,133,74
59,24,51,2,140,156
155,133,80
59,55,120,19,158,29,22,4,96,80,2,75,133,156,74,62
62
120,149,18,4,148,150,109,133
4
55,80,73,133,155
80
140,109
75
24,112,55,93
108,172,0,66,150,77
133,155,165
21,157,29,145,1,133
108,107,0,2,133,74
133,61
29
149,0,108,58
156
8,144,163,140,156,58
120,29,4,61,165,140,133,74
80
142,2
18,4,112,80,73,156
0,172
107,21,66,4,163,112,110,80,2,156,74
146,157,18,80,75,23,1,133
146,112,80,1,133,155
58
162,14,146,7,24,51,112,80,2,150,148,56,54,156
80
133,150,29
156
4,80,75,133,156
160,146,8,87,24,18,96,4,112,148,140,133,156,74
156
14,86,107,120,149,4,166,80,155,62,58
133
124,19,18,29,142,2,133,26
67,112,110,80,133,155
24,86,148,4
156
60,1,157,80,145,32,133,156
112,133,80,62
157,80
162,155,146,7,5,21,111,157,18,96,31,70,80,2,140,1,133,156
74,49,2,4
59,8,24,7,18,76,148,109,77,140,74,62
59,7,87,149,66,80,77,140,54,156
162,87,66,4,150,140,56,58
156,150
59,24,149,164,4,150,109,140,156,58
146,157,4,112,110,80,2,1,74
8,0,4,2,140,133,156
14,138,146,49,59,5,0,157,18,149,112,80,58
162,14,136,124,68,21,157,80,2,75,109,140,1,133,155,74,58
148,110,150,74
157,18,29,67,80,150,73,74
120,156
157,66,18,67,80,140,133
24,66,18,4,73,142,155,74
108,172,107,0,157,149,4,112,56,80,75,133,165,140,1,54
49,172,21,149,4,150,0,92,151,18,115,156,58,14,138,5,80,77,146,59,157,66,112,3,133,39
155,133,80,29
110,146,67,165
146,155,80
146,157,151,112,80,75,73,1,133,155
55,157,103
138,59,108,172,7,5,0,157,4,112,80,73,52,140,133,156
146,157,149,4,96,31,112,110,80,2,165,140,1,133,156,74
155,80,18,108
107
80,7
146,156,150,80
108,172,124,68,120,144,116,4,163,148,150,142,74,0,2,139,156,58,14,138,5,19,164,109,140,59,7,24,8,66,166,143,165,133
80
124,21,107,149,144,116,4,163,148,16,142,15,13,74,132,88,152,33,11,111,127,1,0,18,29,2,139,81,85,155,156,58,14,36,136,113,137,19,5,158,168,96,171,61,47,56,80,6,109,77,140,177,62,162,86,146,135,59,55,8,24,7,157,66,121,82,143,31,112,67,166,75,23,73,165,12,133
24,156,4,148,150,2,133,155
24
112,80
146,29,67,4,80,73,156
162,14,18,17,156
7,66,4,163,140,133,156
124,107,149,15,74,18,2,156,155,58,96,47,80,109,140,24,66,67,75,73,1,133
150,4
108,120,148,150,74,2,139,56,80,109,38,177,146,59,8,24,157,51,53,52,1,133
140,62
120,4,133,156,74
157,112,80,133,155,34
112,146,80,4
108,107,149,4,141,148,150,54,74,2,156,155,58,80,140,55,67,110,75,73,133
102,107,157,18,80,133,156,62
80,157,18,67
62
113,14,152,93,1,116,51,96,148,150,80,140,12,15,177,40,58
140,146
112
14,59,21,0,107,157,18,67,70,80,2,73,109,140,1,133,74
112,80
108,172,0,96,2,133,156,74
75,29
74
8,24,150,140,156
125,36,51,133
133,58
59,24,18,110,80,2,109,77,150,156
14,156
140,77
69,107,21,120,4,74,25,152,0,92,29,18,2,155,156,113,102,96,171,80,109,140,62,146,24,87,66,31,112,75,165,56,133
120,144,4,163,142,74,18,2,155,80,140,62,162,146,55,8,24,157,66,51,67,100,112,75,56,133
80
59,124,7,24,19,120,18,4,164,80,2,109,77,140,133,156,58
146,157,29,18,67,110,80,73,133,155
155,59,24,18,29,67,4,61,110,150,80,140,133,156
162,49,59,167,7,87,120,4,164,150,2,140,156,177,58
14,146,0,157,18,80,2,75,77,23,73,1,155,62,58
146,135,24,50,80
80
112,133,61
5,0
162,124,8,7,142,156
24,21,149,150,2,133,156,74
21,138,62
49,157,4,112,80,1,156,74
108,107,150,54,74,0,2,156,155,58,96,80,77,140,162,146,55,24,157,112,73,23,1,133
112,146,80,155
133,80,18
24,2,62,67
4
162,135,124,8,19,149,66,51,4,103,47,80,75,2,150,133,140,114,142,156
140,112,157
107,149,4,15,74,0,29,2,17,81,113,138,61,80,109,140,177,62,162,8,87,157,66,112,75,1,133
14,87,21,149,116,29,61,112,133,58
146,148,80
92,108,151,4
62
133
80,150
146,156,19,157,29,144,4,112,80,75,150,148,140,133,155,62
4,148,74,18,156,155,14,36,138,56,80,62,34,146,24,157,67,112,73,23,1
14,133,29
146,21,67,112,133
157
140,150
22
0,133,150,156
107
107,133,128,34
146,24,157,4,112,110,80,1
75
24,140
133,61
157,80
24,75,62
21,108,107
111,155,150,107
133,156,61,7
14,87,107,5,29,96,177,140,32,74
146,157,112,80,1,142
24,92,61,2,140,133,156,74
146,18,112,80,75
120,66,29,4,109,133,156,74,58
80,75
59,156,157,18,67,112,110,80,2,1,133,155,74
138,146,107,157,22,4,110,80,2,23,52,1,155
165,55,73,31
162,108,59,8,24,4,114,150,109,140,58
162,21,5,29,53,61,74,80,177,145,52,133,155,15,39
146,108,21,0,157,18,22,4,142,67,112,61,80,2,73,133,155
112,116
19,150,140,133,156,74
112,146,80,165
138,59,108,65,5,0,150,2,109,52,140,56,156,74
21,19,87,78,66,29,4,112,80,75,140,133,74,58
108,65,107,149,2,133,156
140,133,80,58
21,156,139
133,18,73,67
107
155,80,135
162,14,24,137,120,21,4,96,163,142,31,80,2,165,140,1,133,156,74,34
21,133
156
133
162,146,176,24,157,4,112,75,74,62
18
21
120,133,150
107,29
146,157,112,80,77,38,156
157,29,109,133,74
36,146,167,7,144,116,4,148,140,54,156,74,58
155,146,55,157,80,77,140,133,156
112
74,133,18,73
157,19,156
146,120,110,80,1
133
146,80,31
162,14,113,108,146,24,5,0,156,177,2,73,140,133,155,74
155,67
107
80
156,80,18,4
120,149,4,163,148,114,74,132,92,12,2,17,156,58,14,113,103,164,61,80,109,140,146,59,24,87,157,166,165,56,170
144
162,14,138,155,55,146,0,66,103,67,74,150,2,73,77,80,54,156,177
14,93,24,144,163,143,150,139,140,142,156
59,124,24,149,157,66,4,164,112,56,80,75,109,2,140,1,142,155,74,58
162,14,155,108,5,116,4,148,80,160,56,133,156,74
24,149,66,4,163,109,156
55,133,74,58
138,24,74,133,177
140,162
62
162,146,55,8,24,18,4,76,80,75,73,77,2,56,133,156,74,62
74
146,59,5,0,107,21,149,4,150,80,75,52,1,133
24,21,70,140,56,133,156,74
156,141
112,80,164
157,18,67,80,73,165,74
157,96,4,112,150,2
21,133
2,74,133
24,107,148,140,56,133,62
108,19,4,150,156
157,29,112,80,133
133,18,73
80
146,80,75,155,62
14,146,155,55,24,103,51,67,112,110,150,80,73,77,165,156,177
146,108,73,110
156
80
146,55,156,120,157,18,4,96,80,75,109,133,155,74
66,0,156,74
21,0,29,95,133
133,80
157,112,80
146,157,66,149,4,112,80,75,2,140,133,156,74,26
140
146,59,21,120,156,29,4,164,112,110,80,75,2,177,109,140,133,155,74,58
155,157,67,165
144
49,21,116,144,4,148,142,74,18,2,139,156,80,77,145,177,7,8,24,157,143,112,56,133
80
59,24,150,140,56,156,58
144,163,150,148,18,155,156,80,62,34,146,59,157,66,67,112,110,75,73,165,56,133
162,120,96,171,4,2,133,74
108,24,58,4,112,80,140,32,133,156,34
10,22,116,110,80,140,133,156,169
162,55,124,149,116,80,2,140,128,58
138,108,24,0,4,140,56,133,74
146,96
107,21,24,92,61,150,2,145,177,140,133,156,74,62
162,59,24,120,29,2,133,156,74
133,29,4
157,150,75
107,156,150
124,157,18,29,67,142,158,112,150,80,148,17,75,140,133,155
21,133,107
59,8,19,66,144,164,142,163,143,4,148,139,140,56,54,156,58
156,80
156,4,7
107,21,22,131,15,74,29,17,155,156,113,171,96,61,80,157,79,112,44,133,39
160,109,140,133,156
18,73
133
124,120,4,150,148,160,74,1,29,12,2,156,58,14,80,109,140,162,59,24,66,112,56,133
14,113,136,90,124,156,171,96,150,2,73,80,177,140,9,133,155,15,58
24,156,77
146,108,19,66,18,4,67,112,133,155
108,8,4,75,142
29,4,70,80,133
24,4,148,133,58
107,0,22,70,140,32,133,39
59,149,150,133,140,54,177
80
22,61
156
162,59,8,120,149,150,140,56,156,58
157,112,80,23,1,133
149,92,112,74,80,1,133,169
150
146,5,157,51,112,110,80,2,32,1,133,156,74
155,19,144,18,112,80,109,54,156,62
146,108,51,150,80,156
157,18,67,112,110,80,73
113,75,2,140,133,156
157
146,29,67,112,80,75,165,133,156,74,62
5,156,80
120,157,4,112,150,80
80,150
140,133
21,22,29,96,145,133,74
19,4,148,150,140,133,156
162,21,164,4,109,156
155,8,19,157,18,66,80,109,140,1,142,156,74
146,107,157,22,164,67,112,110,80,109,156,74,58
112
14,146,113,115,112
138,21,0,29,75,133
120,18,4,31,80,75,109,77,165,140,133,74,62,58
107,133,80,58
0,155,150,4
162,133,140
157
10,107,22,18,4,163,112,80,150,2,133,156,169,58
146,24,66,112,46,155
157,18,112,110,80,75,155
18,73,58
112,156,75,77
146,157,96,80,165,153
133,66
21,133,96
80
133,157
14,155,24,157,18,51,163,31,80,77,165,140,156,34
24,140
75,125,113,14
0,138,108,133
146,124,157,66,80,160,133
149,2
21,29
112
21,120,149,116,144,4,163,148,54,132,0,29,18,115,2,139,14,158,80,140,59,55,8,24,157,67,31,143,56,133
142,2,58
133,172
24,80,62,140
59,148,150,109,80,140,156,74,58
21,108,96
24,29,4,56,133,156,74
162,155,59,172,21,0,24,4,70,2,109,140,133,156,74,39,58
155,135,22,67,61,80,133,54,58
146,157,31,80,165,1,133
80
112,80,75
112,146,155,80
54
120,80,4,7
156
62
18,73
146,108,138,21,107,5,157,29,112,148,133
140,142,80
90,107,67,150,133,155
24,120,21,87,4,142,2,56,133,156,74
14,146,157,116,51,143,112,148,150,2,139,80,156,58
80,75
8,24,21,150,2,133,140,142,156,74
107,75
150
107,112,75
146,19,80,150,133,156
146,67,80,73,155
162,43,8,24,19,92,144,4,163,142,177,148,2,77,140,56,133,156,74
133
24,87,171,165,56,74
112,19,142
14,80
24,87,59,116
156,157,51
120,4
133,18,100,163
21
49,146,51,4,112,150,2,156,74,62
18,4,142,109,133,74
108,172,107,21,149,22,4,163,150,0,92,2,155,156,58,61,80,140,145,162,146,24,157,112,165,1
112,2,66,4
24,145
21,133
14,49,146,87,116,80,1,54,155
7,120,29,4,109,140,32,133,58
21,107
157,29,150,133,155
140,74
109
0,92,29,22,4,61,112,150,80,156,39
107,21,150,140,133,54,58
59
8,149,144,4,143,148,150,2,77,140,133
4
157,18,112,80,73,156
112,142,58
80,165
87,113,17
157
80,157,67
24,4,110,150,2,133,156,74
60,21,66,164,150,109,140,133,156
156,39
140,133,59,177
80
21,120,70,2,133,62
24,150
112,80
74,133,150,177
138,124,24,5,61,31,112,150,75,2,133,156,74,62,58
157,18,112,110,80,73,133
124,8,29,150,2,80,165,133,156
112
116
149,142,54,74,0,29,18,58,14,60,19,84,80,109,140,162,146,24,112,73,133
140,133,156
14,55,24,120,4,2,139,140,142,156,58
59,55,80,109,140,133
155,133,80,67
146,116,112,80,133,54,156,58
156
7
133,177,74
80
80
14,86,87,157,18,100,4,110,80,73,165,74,62
112,110,80,140,56
138,108,172,21,107,5,0,22,95,52,32,133,39
21,120,4,29,2,156,36,80,140,145,146,24,157,51,31,112,75,23,165,133,39
140,156,4
144
107,4,150,2,133,140,142
29,4,150,2,56,133,156,74
157,4,148,150,2,23,140,56,133,156,74
18,112,80,148,73,140,133
157
21,112,80
138,108,172,21,24,0,133,62
75,19,133,18
80
155,138,59,136,8,21,107,5,149,96,4,177,80,140,133,156,74,34
107,156,21
157,1,80
4,80,75,150,140,133
21,107,66,4,145,133
120,2,109,140,156
146,24,157,18,112,80,150,73,56,156
115,148,156,116
133
156,177
146,8,24,120,85,157,29,4,61,112,80,109,23,165,140,56,133,58
14,146,24,157,150,140,74
19,157,29,80,177
80
107,32
14,24,4,150,2,148,140,133,156,74
5,133,52
112
107,156,140
162,150,2,140,156,74
138,18,80,165,140,156
138,5,0,4,112,140,156,74
107,38
112
162,124,24,120,29,4,150,2,140,133,156,177
21,120,133
4
107
162,146,59,24,156,18,29,112,47,150,2,80,140,133,155,74,58
133,18,29
150,177
75,4
18,4,177,2,109,73,75,156,74,165
172,0,29,4,109,140,133
107,0,29,61,96,112,75,83,1,133,74,62
162,80
120,4,74,18,2,156,155,14,80,109,140,177,55,87,24,66,100,112,110,75,1,133
133,29,18
108,107,133,32,145,155
74
146,4
49,107,149,4,150,148,54,2,156,58,19,77,140,177,34,162,176,7,24,112,56,133
140,149
146,21,4,112,80,75,165,74
112,146
146,21,5,157,29,80,52,1,133
108,107,0,95,156
110,80,18
75,18
7,24,4,112,80,150,140,156,74
107
4,50,81,170,177
18
162,150,140
56,157
113,155,29,79,171,96,131,133,15
112,110
146,24,5,80,75,155
156,75
133,151
156,2,58
14,146,24,157,18,66,4,110,80,75,140,74
14,43,86,146,135,7,157,51,115,112,110,80,77,1,54,155
120,4,80,77,165,156
146,24,66,51,112,80,75,23,1,133,155,62
112,75
24,133,165
80
108,150
162,59,167,21,4,70,133,39
14
21,133
80
4,150,2,145,177,140,133,74
21,156,24,144,29,4,18,112,110,150,75,80,140,133,155,62
80
14,36,108,107,19,144,51,163,142,80,2,75,17,165,140,32,133
59,124,21,120,24,149,144,29,96,163,4,74,150,148,140,133,177
58,157,80,59
66,157,74,4
133,138
162,138,108,8,24,120,21,29,66,4,163,80,2,150,140,56,133,156,74,34
36,170,137,151,168,4,18,2,145,109,140,85,133,155,177,26,34
75,73
155,146,112,80,75,140,156
86,124,24,0,116,66,4,140,110,2,52,160,32,54
112
146,108,112,110,80,1,155
146,157
133
14,7,156,144,51,4,163,110,80,75,2,77,114,160,133,155,58
80
156,74
107,21,120,4,160,0,18,156,14,138,5,80,77,140,146,59,24,157,73,52,1,133
124,120,4,150,142,74,0,18,2,83,155,14,36,138,19,171,80,109,140,162,8,24,87,157,66,31,56,133
18,112,80,23,73
14,21,24,107,96,4,140,85,156,74,34
59,8,4,142,80,140,56,133,74
8,66,4,80,140,142,156,74
133,156,144,163
80
146,80
157,4,112,80,75
112,80,4
146,108,8,21,107,0,92,157,95,61,5,70,112,150,52,133,155
90,133,156,26
155,60,24,29,18,67,4,112,110,150,2,73,80,23,140,133,156,74
133,80,75,62
18,80,75,73,140,62
14,138,108,49,8,24,0,29,66,4,140,133,156
157,75,80
8,18,2,156,74,58
108,149,103,157,96,80,2,77,156,74
156
80,73
133,74
133,80,165
59,150
146,75
140,74,8
146,55,157,96,112,80,73,1,155
108,29,4,150,77
148
133,29,62,18
0,112,75,155,62
124,157,18,4,155
140,156
19,146,144
124,21,120,149,4,163,150,142,74,18,29,2,156,155,58,19,164,61,80,109,140,177,162,146,59,8,24,66,67,31,73,56,133
133,148
124,107,21,116,29,61,177,156,74,39
0,112
157,18,4,112,133
133,156,80
29,4,75,133,74
2,4
80,66,108
18
142
146,24,157,112,80,150,140,1,133,156
124,120,144,4,148,150,142,74,29,2,156,155,58,14,19,164,171,109,140,145,26,162,59,55,8,24,66,56,133
150,4,143
54,59,5,21,107,24,149,61,4,150,140,56,133,156,177
59,4,150,2,109
133,108
59,24,4,150,2,156,74
59,172,21,149,66,61,150,140,133,156,58
146,4,31,112,165
162,8,164,148,150,140,156,74
80
113,24,149,66,67,4,31,112,110,80,109,73,165
108
172,107,0,1,92,29,112,80,32,74
135,8,157,18,4,67,110,80,2,73,23,1,133,155
21,133
112,133,157
162,108,24,112,80,140,133,58
14,142,80,0
24,4,2,140,133,156,74
156,62
29,75,4
157
112,155,18
24,133,59,150
49,108,124,21,120,144,4,163,150,148,142,74,0,29,18,2,155,156,14,138,113,19,56,80,140,177,62,8,24,157,66,31,75,73,23,165,1,133
59,24,2,140,74,58
80
8,112,75,133,142,74
112
5,21,22,61,133
157,146,80
157
146,157,112,80,75,1
112
107
59,108,21,87,149,157,80,150,54,156,58
112,80
120,29,165
51,61,112,150,140,133,156,74
133,155,171
110,80
146,120,4,80,2,75,1,133,156
69,107,21,120,15,74,0,1,2,81,156,58,14,138,102,171,96,140,145,146,24,66,166,31,112,3,133,39
8,164,75,109,133,140,142
87,156,157,110,80,75,148,2,165,140,133,155
133
133,4
24,1,112,80
112,133
49,108,149,0,18,14,138,5,103,80,140,62,146,59,157,112,110,75,73,52,133
8,107,0,29,140
140
24,18,29,67,4,140
113,146,116,112,80
7
54,150,8
108,157,112,110,80,2,140,1
1,80
133,155,73
112,80,77
132,155,73,110
133
124,21,107,149,144,4,163,142,74,29,18,2,17,155,156,169,138,137,5,164,96,61,80,109,140,62,40,34,162,146,59,90,157,66,112,75,23,133,39
18,29,61,112,75,133,41,62
4,163,54,142,74,18,156,58,138,80,77,146,59,167,7,157,112,110,73,23,1,133
19
80,74,51,4
140,74
21,120,149,4,150,74,29,2,156,14,80,109,140,177,162,146,86,59,24,79,75
146,24,1,157,4,112,80,140,56,133
157
107
133,108
108,21,107,149,4,150,74,130,2,156,138,5,103,80,140,162,146,167,24,157,66,67,75,56,133
74
75,62
133,29
157,80,23,1,74
80,18,51,67
107,21,157,29,18,61,74,80,44,56,133,155,177
157
156,80,8
133,92
112,58
24,133
108,59,0,18,42,75,133,62
66,4,2,140,133,74
146,112,73,155,177
146
133,66,4
157,112,80,2,109,73,133,155,58
73,139,8
21,133
133
21,3,133
124,8,24,75,140,133,156
107,22,80,150,140,133,156,74
14,146,108,55,21,156,5,29,150,80,140,133,155,74
80
24,133,177
18
110,80,55,146
80
87,1,80,165
146,110,80,165,32,142,156
56,150
80
146,21,157,18,67,112,80,155
150,165
155,157,18,31,150,2,75,80,73,109,1,142,156,74,62,58
7,144,4,2,139,56,133,156,62
156,73
80
140,112,80,1
54,59,8,21,0,107,5,87,149,4,177,150,77,140,133,156,74
145,80,150,4
133
155,146,59,152,124,21,58,87,112,2,17,140,133,156,74,34
0,138,60,133
157
108,59,21,0,164,2,109,140,156,74
162,113,155,149,142,31,112,80,2,23,165,133,156
112,80
21,133,157,18
140,112,146,133
87,2,155,74
140
107,0,133
140,133
59,7,24,149,77,140,156,58
73
87,21,149,61,2,3,133,156,62
162,138,55,156,18,171,143,96,80,150,109,2,133,155
133
19,156,80,4
24,157,66,51,67,112,80,142,74,40
133,18
112
21,120,149,4,142,74,0,18,29,155,58,61,96,164,80,109,140,146,8,24,110,165,56,133
4
14,24,29,2,56,133,156,74
24,80,18
80,18,135
138,59,55,5,0,140
87,21,92,4,115,148,3,133,54,39
59,8,107,7,92,61,150,133,156,58
156,177,150
49,172,107,120,21,149,22,4,150,148,142,15,74,0,92,18,29,2,155,156,14,138,5,19,61,80,140,177,162,146,59,135,90,24,157,66,112,1,133
140,133,124
21,133
59,8,18,4,75,2,140,133,155,62
5,107,75,32,133,156
24,21,164,160,133
155,146,157,67,112,80,23,165,1,133,156,74
49,59,24,149,66,116,164,29,109,140,56,133,58
21,60
124,24,1,80,56,133,156
156,80,150,4
49,8,7,120,24,112,114,80,2,165,140,1,133,156,74,58
14,7,164,4,148,109,140,74,58
80
150
162,59,93,24,120,4,142,140,150,165,160,133
2,148,29,58
140,156,67
155
133,80,165
24,120,4,140,56,133,156
21,133
162,7,0,96,2,73,145,133
24,21,157,29,4,112,80,140,56,133,74
162,24,92,18,4,67,110,148,2,133,156,177,39
133,108,80
133,18
157,29,112,74,80,2,23,1,156,177
133,155
108,59,21,4,140,177,58
92,133,80,75
135,2
155,157,18
80
156,4
162,21,87,157,18,67,4,164,112,80,73,145,140,142,155,74,58
157,80,165
66,75,140,133,156,74
133
156
155,133,80,67
108,107,4,150,142,74,0,18,2,17,139,155,156,138,5,80,109,140,32,62,146,87,67,112,110,75,73,52,1,133
55
155,55,149,18,4,150,73,140,133,156
156,150
80,29
162,155,36,108,107,21,92,18,4,112,177,133,156,74
80
112,80,55
80,4
133,149
87,157,66,4,74,150,56,156,177,58
162,87,120,29,150,156,58
60,8,107,21,156,92,22,157,61,142,66,80,75,140,1,133,155,62
148,58
157
107,18
21,120,4,148,150,142,74,132,29,2,156,58,19,164,109,140,59,8,24,66,56,133
8,24,29,4,163,80,75,109,140,133,54,62,58
133
2
155,146,5,24,149,29,151,67,4,112,80,2,165,133,156
36,87,157,66,51,92,61,22,112,80,133
146,21,157,29,4,80,133,155,132
156,133,80,146
146,59,24,19,29,4,61,142,112,150,80,140,133,58
112,156,74
138,172,0,52,140
107,133,21
107,0,21,22,133,39
150
112,80,144
155,146,120,144,4,163,143,112,80,75,139,156
140,156,18,163
162,108,172,7,5,0,21,149,4,150,2,140,142,156,74,62
171,156,66,4
8,29,18,112,133,140,142
157,18,96,80,1
172,21,0,107,29,4,74,2,109,165,133,156,177,26,58
112,133,155
133
112,146,80
59,157,18,51,150,80,140
133,155,18
75,18,80,29
155,24,66,18,67,112,148,150,2,177,73,80,54,156,74,62
55,93,87,24,116,103,4,163,164,143,150,2,109,77,139,140,56,156,74,58
14,24,21,4,2,140,133,156
108,4,148,2,156,74
162,108,87,66,96,112,80,2,165,133,156,74,26
49,124,149,144,163,148,150,54,142,74,2,139,156,58,19,103,164,109,77,140,177,162,59,55,167,7,24,8,143,112,56
133
162,107,29,160,133,74
108,5,150,2,52,140,133,156,74
112,73
149,144,4,163,150,74,18,2,156,155,58,158,80,109,140,146,24,87,157,67,112,23,1,133
0,138,59,150
112,155
112
21,18,96,112,165,133,156,62
112,133,157,80
133
120,133,4
155
162,113,24,156,120,18,4,112,56,80,2,109,165,140,1,54,155,74
107,133
146,157,4,80,1
107,21,74,92,29,18,156,5,61,80,140,145,177,62,162,146,7,157,112,110,75,23,1,133
59,111,80,77,156,74,58
157,80
112
162,146,59,8,24,164,148,80,150,2,109,140,133,156,58
55,107,21,157,18,80,133,155
80
157,80,96
146,80,55
140
124,8,22,75,2,133,156,74
75
112,133,29
112,133,155
14,138,7,29,4,96,2,133
156,80
157,23,80,135
140,120,62
155,146,8,19,157,66,18,67,112,80,2,109,73,1,142,156,74
146,18,67,112,110,73,165,133,155
133
7,107,149,116,140,133,156,58
146,67,110,80,75,155
21,75
80
150,29
55
133
89,133,61,39
120,22,4,150,148,74,152,11,156,155,113,5,96,80,140,135,24,157,66,67,23,1
155,108,55,59,116,18,67,112,148,80,109,156
156,18,4,163,112,80,75,73,109,140,56,133,155,74,62
162,146,138,24,157,149,112,110,75,2,52,140,156,74
1,80
112,146,61
24,29,66,4,73,140,56,133,156,74
21,4,163,74,29,18,2,155,80,140,62,146,100,67,112,75,23,73,165,1,133
2,18,109,4
162,59,149,157,103,177,2,109,140,54,156,74,58
133,156,177,108
140
156,108,4
155,146,108,124,107,21,18,4,67,112,110,80,177,75,133,156,74
24,66,4,2,140,133,156,74,58
120,133,80,4
146,135,157,80,75,1,155
124,24,120,18,4,73,140,133
142,2,4
80,150
21,157,18,67,80,73,133,140,145
24,0,4,96,112,80,140,74
162,155,59,24,18,67,4,112,150,2,73,80,140,133,156,58
8,21,120,18,53,67,142,150,73,38,133,155
110,18,73,67
5,2
74,59,144,139
87,18,67,2,74,62
140
80
140,150,2
156
87,149,29
14,59,7,21,24,120,149,66,29,4,8,2,109,77,140,56,133,54,74,58
112,80,1,165
120,144,4,148,150,114,74,156,164,80,109,140,177,146,8,24,51,143,112,165,1
61
146
8
62,4
108,5,24,171,96,112,80
156,59
133,150
113,138,16,33,5,19,116,4,110,150,148,73,133,52,140,142,156,74
138,21,157,18,144,80,148,177
80
133,156,4,8
21,133,18
87,29
107
146,135,80,1,156
146,59,21,120,156,157,80,77,1,133,54,58
155,107,5,24,21,22,61,56,110,2,32,133,156,58
140,148,2
4
24,112,165,140,155,74,62
133
49,124,21,120,4,148,150,54,74,18,2,155,58,113,103,164,80,109,140,32,145,177,146,59,157,67,112,110,12,133
133,157,67
58
162,87,157,29,150,80,140,1,133,156,177
162,59,4,114,133
21,156,74,77
108,24,0,120,150,133,156
133
112,80
146,8,24,87,116,4,143,112,80,2,133,142,156,74
133,80
59,96,112,80,1,133,156
24,157,80
75,138,159,18
0,75
156,108,150
140,133,150,18
36,66,51,4,112,75,133
21,120,4,150,54,0,156,138,5,96,77,140,32,177,162,146,59,157,112,1,133
162,24,157,112,80,75,109,150,140,133,155,62
21,133,74
55,93,24,157,115,150,2,140,142,156,74
112
29
80,51,8
14,167,149,150,77,74
142
24,1,80,177
14,116,112,80,73,165,133,155
146,55,24,112,80,156
29,67,4,2,1,133,155
21,133,29,67
112,80,133,155,74
146,157,80,1,74
66,144,4,143,163,56,156
140,133,124
24,112,139
146,7,24,87,149,157,112,80,2,81,17,140,155,74,58
133,80
133,29
124,24,149,144,29,163,142,109,140,133
14,113,2,17,133,62
107,24,112,80,133
59,7,80,165,133
107,133,2,29
21,120,4,96,61,148,150,2,133
157,80,74
138,108,5,18,75,52,155,62,165
74,149,66,109
14,15,87,96,156,177
132,80
14
74
108,18,133,156,74
162,10,146,8,24,19,107,4,96,112,47,80,75,148,150,83,109,156,74
120,157,4,140,112,80,160,142
29,150,140,156,74
80
156,150,4
87,24,108,58
146,136,112,80,133,155
133,75,73
133,155,80
59,108,107,0,116,4,140,156,58
80
107,148
146,142,112,110,80,133
19,0,29,61,133
156,4
74,29,58
0,133,18,52
18
162,146,59,110,2,133,58
80
146,21,157,4,75,165,133,39
112,150,14
80
87,18,4,133,155
133
112,148,18,165
5
90,107,21,120,29,112,133
133,75,18
156,150
21,87,80
96,150,80
138,108,59,29,2,140,133,54,58
21,157,29,80,133,156,177
112,75
112,146,158,67
172,21,5,107,22,61,145,133,62,39
143
80,4
49,59,149,164,109,140,58
112,75,171
59,8,66,18,4,142,29,2,109,140,133,74
149,80,55
58
148,4
156
155,59,124,8,24,19,144,4,163,164,109,77,139,140,56,142,73
19,4,143,84,148,80,150,139,156
21,133
4,74,148,160,177
146,59,66,51,31,112,80,165,133,155
149,144,143
107
157,23,80
112
133
49,124,21,149,116,4,141,148,54,74,130,29,2,155,156,14,158,103,61,84,80,109,77,140,72,59,55,167,7,24,66,75,56,133
157,2
107,0,5,133,32,145
112,133,80,29
146,157,29,112,80,133
108,107,21,22,4,160,0,92,18,2,155,156,169,138,5,61,80,162,146,90,8,157,51,143,112,110,75,73,1,133
14,148,2,109,80,133,74
156
0,59,108
133,73
138,172,5,107,21,149,0,4,150,2,75,133,156,62,58
133,29,62
113,146,18,112,80,75,73,1,133,177,34
21,107,0,18,80,140,133
93,144,4,163,148,142,74,1,18,29,2,139,156,155,5,19,158,164,80,109,140,177,146,59,55,135,8,24,157,66,67,143,112,73,23,56,133
146,149,29,18,4,67,150,75,73,133
133,150
133,155,67
149,54,59,58
113,24,4,114,177,17,160,85,142,156,74
110,80,29,133
140,80
18,73
112,80,1
54
156,150
112
59,51,4,133,140,142,156,74,58
149,4,1,133,62
24,18,75,73,165,74
4,2,56,156,74
140,120,133
74
150
21,0,120,29,115,133
162,120,157,18,4,67,112,80,73,140,133,155
157,18,80,165,155
146,55,116,112,139,165,140
5
146,107,157,29,18,67,110,80,73,1,133
21,39
157
112,73
21,133
112
138,5,0,150,32
80,18
1,156
162,14,8,156,157,115,80,23,140,1,155
24,14,133,134
24,120,163,80,140,133
80,18
8,80,150,140,156
54,156,75,4
140
7,24,140,133,15
21,155,18,22
156,80,73
18
14,86,36,146,21,116,112,80
21,107,120,22,4,150,160,2,156,169,113,5,61,80,77,140,145,162,146,24,112,110,165,1,133
112,146,75,67
133,156,8
112,156
0,29,112,145,52,140,133
80,31
49,29,67,15,58
138,149,18,4,142,112,133
112,156,150,4
133
124,69,24,21,171,112,80,2,74
116,144,4
107,0,5,22,52,133
59,24,19,29,18,4,142,80,75,109,140,133,156,62
155,133,15,165
24,29,66,18,112,74,80,2,150,133,156,177
133,80,18
146,124,165
133,18,29
172,21,149,4,163,70,54,74,0,29,18,155,156,138,5,19,61,56,80,140,145,177,26,146,59,90,24,157,112,52,1,133
146,18,112,80,73
80,55,150
24,14,87,140
162,21,112,133,74
112,156,4
146
112,157
80
55,69,8,24,102,144,171,166,148,150,139,140,56,133,156
116
156,75
162,0,4,148,2,165,140,156,74
29
5,4,2,133,74
110,155
7
142,133,8
5
140,80
5,138
146,80,75,165
107,32
133,60,75
120,116,144,4,163,150,114,148,54,74,115,2,139,156,58,109,140,162,59,55,87,66
146,49,59,124,24,149,112,80,2,109,150,56,156,58
157,80
4
144,163
24,29,4,83,133
14,59,24,66,18,96,4,80,2,109,165,140,56,133,156,74
87,36,80,66
21,120,96,4,61,110,150,2,133,156,177
80
21,18,110,80,75,133
8,4,142,150,140,133
59,24,120,149,144,157,96,66,4,80,150,140,133,54,74
146,59,108,149,18,80,73,109,54,156
138,49,146,21,0,5,107,149,61,150,2,80,1,133,156
59,5,149,29,4,109,140,58
162,146,8,120,4,61,112,80,77,140,56,133,156,58
167,149,103,29,4,150,2,109,75,133,54,177,62,58
80
59,149,150,133,140,54,177,58
14,146,55,8,87,24,157,51,121,115,112,80,150,114,140,56,133,74
24,18,4,112,73,140
21,24,157,2,140,1,133
108,172,107,21,4,74,0,18,2,17,156,58,113,14,138,5,96,80,52,77,140,32,177,62,162,146,59,7,87,24,112,165,56
21,80
21,66,75,133,156,74,62
133,157,75,146
140,49,156
146,112,80,23,1,155,177
146,157,18,110,80
172,107,102,157,96,31,142,112,110,80,133,156
112,80,144,74
138,108,21,107,0,157,18,29,112,80,2,73,1,145,155,74,62
18,29,67,112,73,133,155
74
133
21,133,157
124,21,18,2,133,156,74
140,74
14,24,29,133,62
0,80,75,73,140,133,155,62
162,8,21,96,4,80,150,77,133,156,74
133,2,4
162,59,149,103,51
146,24,107,157,29,18,4,51,112,159,80,150,109,75,140,133,155,74
162,133,150,116
133,108,29
21,29,144,150,133
133,80
112,80,18
21,133
8,21,156,4,143,80,2,155,58
21,29,61,4,133,156
140,150,80
146,66,80,75,140,56,155
133,4
146,124,4,80,2,140,56,156,177
8
107,112
49,172,107,21,120,149,4,150,54,74,0,2,138,5,80,140,32,59,24,112,75,52,133
108,5,21,29,133,156,74
116
133
140,133,74
8,157,66,4,96,112,75,23,133,74,62
155,138,54,59,124,87,21,0,5,107,51,24,4,103,150,133,156,177,58
138,108,5,150,142,156
156
0,108
156,150,74,165
162,116,141,150,80,54
55,24,4,80,75,165,62
66
107,133,108,169
124,8,4,140,74,58
80
156,66,4
140,133,15,4
107
145,80,29
162,155,138,124,5,24,4,112,150,80,75,1,156,74,62
156
133
146,155,80
114,54,149,34
140
74
133,80,29,18
156,155
24,112,146,80
5,112,138
14,8,87,120,24,19,66,4,148,2,109,150,140,56,133,156,74,58
80
138,21,107,0,112,62
75
133
21,112,133,138
59,24,140,156,58
107,149,4,148,74,18,2,155,58,103,164,109,140,32,62,162,59,87,24,67,112,110,75,133
108,59,66,4,96,80,75,140,133,58
146,24,157,18,4,67,110,73,109,140,56,155,58
162,4
49,68,144,16,115,139,155,156,19,80,177,43,146,157,51,166,143,75,23,1,132
146,157,18,112,80,133,155
156
120,66,112,2,109,140,74
155,66,4,114,2,150,80,133,140,1,142,156
143
108,0,18,29,67,31,150,73,165,133,74
138,5,0,107,24,4,133,74
156,55,80
49,59,55,167,93,87,149,116,144,103,163,115,143,164,148,109,139,140,54,58
146,157,75,80
107
14,36,4,96,140,133,74
59,4
133,157,29,18
133,138
49,120,149,116,22,4,163,148,150,160,142,54,74,0,18,2,155,156,58,10,138,60,14,164,96,80,77,140,62,34,162,146,59,7,8,24,157,110,75,73,23,133,39
133
80
49,59,164,150,2,140,156
74,66,109,4
21,0,107,92,22,61,133
80,62,96
112,54,75
146,80,133
162,120,66,4,80,2,23,133
59,8,29,4,140,133
24,18,159,75,1
162,24,116,4,148,2,140,133,74
115,133,140
162,146,24,120,149,29,157,4,112,150,2,75,73,133,155,74
112,133,80,18
110,157,73
149,4,163,150,74,2,155,156,58,14,80,140,177,128,146,8,7,157,51,31,112,110,75,73,23,165,1,133
140,112,80
133,55,164,31
0,29,75,56,133
140,133,8
146,135,24,157,18,29,31,80,2,23,165,140,1,133,74
115,116,96
2
133,22,165
74,2
155,146,18,29,4,67,80,133,156,74
162,60,5,112,145,133,34
162,135,174,24,157,112,110,80,75,23,73,140,1,133,74
138,24,4,2,133,156
21,133,4,39
0,133
146,150,74
146,59,24,4,112,133
157,80
107
66,109,77,140,156,177
5
133
108,5,18,75,62
24,66,4,2,74,62
156,18,4,67
133,80
157,58
133,74
140,148,80,144
156,150,96
1,110,80,133
18,112,73,140,133
21,155,133,60
21,74,61
108
24,150,66,67
140,19,7
133
24,56,156
156,74
112,146,157,80
155,24,18,110,140,133,156
87,116,140
146,157,112,110,80,133,155
146,21,120,156,157,29,144,4,163,18,67,110,80,112,73,31,165,133,155,74
80
140,116
55,8,116,51,112,140,133,156
14,59,55,4,131,159,80,75,133,155,74
24,18,4,163,73,140,12,133,156,74
148
112,146,67
21,87,24,140
18,67
135,108,0,66,4,112,80,75,109,2,140,156,74
133,156,2
21,149,4,148,150,54,58,14,103,164,80,109,140,146,59,24,31,112,75,73,165,133
59,24,149,116,29,148,2,140,56,133,74,58
157,146,80,51
75
140
133
108,4,148,150,54,74,2,58,138,164,80,77,140,162,59,55,7,24,66,112,75,165,133
146,135,19,157,112,80,56
14,146,7,5,1,157,18,51,112,110,148,150,2,73,165,140,80,156,177
146,55,143,112,148
112
146,59,149,18,4,112,110,80,75,23,73,140,133,155,177,58
149,156,157
157,112,110,80,75,133
162,14,24,19,156,18,2,109,140,133,155
140,150,58
142,150,108,4
133,96
155,75
112,60
19,29,150,133,156,74
10,60,107,18,67,110,73,165,133,155
162,93,7,24,4,112,148,150,80,2,140,142,156,58
140,156,177,4
8,24,109,140,156
112,92
8,21,24,18,144,163,2,133
146,21,157,18,112,80,150,140,156
160,59,19,0,149,4,150,2,109,77,140,133,156,74
140,133,80
66
146
74,66,165
112,18,62
107,21,120,4,142,74,29,12,2,155,58,14,5,19,137,109,140,32,162,24,66,110,73,56,133
49,5,92,157,103,4,149,51,112,80,165,32,54,177,39
114,80
146,87,24,112,80,140,156
8,21,149,4,140,56,142
24,56
156
49,93,120,149,116,144,150,148,54,74,115,2,139,156,155,58,14,19,103,164,84,80,77,43,146,59,55,167,157,51,31,143,112,110,23,73,1,133
86,4,177,133,74
108,107,21,149,148,54,0,156,5,80,140,177,59,7,87,24,157,112,73,165,133
107
107
19,29,4,143,148,2,140,133,74
146,59,5,0,107,21,80,1,54,156
140,150
24,29,66,4,143,148,2,140,133,156,74
133,157,73
146,87,18,112,110,80,74
162,59,108,4,2,140,74,58
87,107,144,80,109,165,140,133
146,59,149,29,80,109,140,155,58
80,150
150
21,24,156
107
162,14,21,107,24,133,155,74
140,155,165
112,18,75
162,24,156,18,4,73,140,133,155,74
133,29,144
162,55,24,18,144,112,80,75,73,150,140,133,156,74
157,29,18,100,112,80,73,1,133,155
140,133,4
80,75
8
14,138,59,124,18,29,4,150,80,73,2,140,133,156,74
162,14,59,7,21,19,61,4,2,77,156,74
49,108,21,120,107,149,22,4,148,142,74,0,29,18,2,156,155,58,60,96,109,140,177,59,65,87,24,66,75,165,56,133
18,80,75,133,155,26
133,59,4
133,29
29,61
112
112
4,165
18
87,148,150,140,133,156
140,133,55
59,21,149,80,75,150,133,39
80
112,110,155,80
162,14,8,149,103,112,114,150,2,12,156,74
29,112,80,56,156
0,66
162,155,4,67,112,80,75,17,133,156
29,4,96,112,75,145,140,133
7,24,2,140,133,54,74
107,80
1,157,80
24,112,133,156
0,133,108
0
4,2,139,140,142,74
156,22,4,80,75,73,133,155,74
146,112,110,80,133,142
112,133,80,4
112,80
54,148,58
1,157,155
74
74
140,156
87,0,144,163,142,133,156
66,74,77,156,177
4
66,157,150
156,150
155,80,165
24
156
5,32,107
138,135,108,55,5,0,21,157,4,80,75,155
155,4,2,140,133,156,58
110,80,67
140,56,24
146,24,18,4,110,80,133,74
146,24,96,112,80,140,155,177
32,133
14
7,4,150,148,54,156
108,55,21,156,107,0,22,1,4,112,150,80,56,133,155,74
133
107
29,51,42,112,80,75,133,62
140,156,74,8
149
124,21,19,66,18,4,29,70,112,96,80,2,75,133,140,145,156,74
133
14,60,65,107,4,140,133
59,21,107,5,149,29,0,96,157,4,24,150,133,140,54,177
86,24,157,18,112,110,80,155,74
107,149,22,4,74,1,18,2,156,155,58,61,80,77,140,162,146,55,24,157,67,100,112,110,73,56,133
162,156,74,77
133,59,80
112,133,75
140,80
133
4,109,1,156,74
162,8,24,120,156,18,4,75,2,56,133,155,74
133,61
155,8,24,21,157,18,29,112,80,75,150,133,140,1,142,156,74
21
155,146,60,7,21,149,103,29,4,150,2,109,148,133,140,80,54,156,32,165
14,149,4,140,133,58
112,80
18,29,80,75,133,155,129
172,21,120,107,149,4,150,160,74,0,1,18,95,29,2,17,156,58,113,138,5,19,80,77,140,32,146,59,87,67,73,12,133
133
89,21,5,107,92,32,133,39
156
90,21,151,70,133,156,74,39
150
21,133,74,4
59,5,4,150,54
150,144
146,55,24,51,112,114,75,150,80,12,156,74
2
156,4
146,15,69,21,24,102,157,18,4,171,80,75,2,145,156,74,62
18
112,80,75
162,49,146,87,149,18,157,4,74,112,80,2,109,1,133,177,58
133,49,171
162,108,69,8,107,24,21,4,150,2,140,56,156,74
24,18,80,2,140,56
162,133,156,109
140,56,59,24
24,14,146,80
59,87,24,157,96,4,112,150,80,140,156
74,155,66
4,164,150,109,140,156,58
157,142,80,23
140,133
156,19,142,56,133,155,74
1,73
0,108,156,4
156,74,96
162,18,4,96,75,133
112
108,80,150,140,156
150
146,24,66,80,109,140,1
4,81,140,39,58
133,29,61
157,29,4,75,1,133,62
149,2,62,80
133,80,4
21,0,80,133,156
80
4,67,112,80,133,155
2,4
162,149,84,2,139,142,54,72
140,156,133,59
155,108,67,110,75,2,165,156
29,140,133,156,74,26
138,108,0,4,61,148,150,2,32,133,156,74
162,14,55,69,8,102,156,87,24,66,4,163,125,109,140,133,54,74,34
162,112,80,2,140
29,150,140,133,156,177
56,133,4,165
112,80
133
133
18,66,67,4,112,80,140
24,133,150,116
162,133
108,5,24,4,163,56,80,32,133,74
21,133
146
112,49,80,4
24,4,148,2,177,150,165,160,156,74
156
110,155,75
2
138,55,7,24,0,149,164,150,109,77,54,156,58
55,116,93
54,114,75,4
155,80,31,165
146,114,109,140,156,74,58
108,107,150,92,29,18,17,113,102,5,61,80,77,153,32,146,87,157,67,31,112,110,165,1
75,29
21,120,29,4,150,133
146,157,67,4,112,110,80,81,1,133,74
162,54,108,55,7,149,103,116,80,2,109,133,140,142,156,58
156
133,73
133,80,29,79
24,61,150,140,133,74
120,156,80
112
112,146,150,143
59,7,4,177,2,109,140,133,74
21,157,59
24,120,140,80,2,73,160,1,133,156
108,21,5,92,61,150,114,145,133,156,74
138,60,24,120,157,18,67,112,110,80,75,165,56,133,169,62
133
55,8,87,4,2,140,142,156,74
113,14,108,29,150,140,133,74
21,120,149,22,150,2,140,156,74
156,133,54,113
133,29,4
80
146,8,19,157,29,18,67,112,110,80,75,73,133,156,62
87,133,165
162,87,21,0,4,80,2,109,165,140,1,133,156,74
21,133,169
21,133
156
107,21,120,24,22,29,61,4,18,112,74,150,75,2,83,140,133,156,169
124,4,58
124,29,140,133,155,26
74
59,0,157,29,112,80,23,140,1,74
74
133
146,8,24,19,157,18,142,110,80,73,133,155,58
146,156,18,171,67,155
133,2,4
162,146,49,157,29,18,149,112,80,2,140,133,156,58
74,156,75
135,18,80,1,133,155
124,21,120,149,4,150,114,142,29,156,155,58,19,96,80,109,140,162,8,24,112,165
80
133
146,19,149,157,4,67,150,80,155
133
80,62
144,67,148,80,74
112,155,62,4
107,29
24,112,80,156
133
112,110,156
108,124,7,140,156,74,58
112,133,73,67
21,80
156,177
77,165
146,59,138,21,5,0,149,157,80,133,1,54
155,133,108,74
162,58
5,116,107
112,146,80
155,146,59,107,24,22,112,80,23,145,140,32,133,156,177
155,146,14,24,66,18,4,112,80,177,73,17,140,133,156,74,34
24,156,150
133
5,107,66,171,61,150,2,133,156,129
7,8,120,21,149,103,18,4,74,80,133,140,1,54,156,177
14,8,120,144,150,2,77,139,74
80
146,149,80,150,56,58
49,108,107,120,149,22,116,4,163,148,150,160,74,29,18,2,139,156,155,58,5,164,61,56,80,109,140,177,146,59,55,8,24,87,157,66,67,143,112,110,73,52,1,133
138,157,80
75,133,159,124
107,133
89,156,66,112,75,56,155
146,59,21,19,149,29,157,116,66,142,4,80,148,150,140,1,54,156,74,58
21,29,112,156,74
80,18,165
133,74,164
24,156
60,124,172,107,0,150,109,52,133,156,177
133,80,18,110
124,21,120,149,4,150,74,29,18,2,155,61,80,140,177,162,146,24,157,112,1,133
146,55,24,1,156,157,96,150,2,75,148,160,56,155,74,62
29
152,4,75,2,133
80
24,107,21,4,150,140,32,133,74
157,67,80
8,29,80,140,133,155
157,18
140,19,66,58
146,55,116,143,115,112,2,156,58
156,177,63
133
133,80,75
21,142,26,133
112,157,1,80
146,24,149,4,80,75,2,73,140,156,74
155,80,67
140,2,59,66
107,133
14,43,59,7,24,116,164,141,4,148,2,109,140,56,133,156,58
133,155,29,80
156,18,150,155,74
18,66
112,23
146,138,107,0,5,157,18,4,67,112,110,80,75,1,133,155,177,34
155
146,59,149,51,112,148,2,109,80,140,54,74,58
146,107,156,18,29,22,112,80,133,155,40
79,61,165,133,74
140,156,150
155,120,4,141,80,2,133,156,74
140,120
133,165
157,80
157
4,2,140,142,74,58
4
14,59,7,21,107,149,66,4,163,142,133,54,58
24,157,29,80,133,74
155,112,80,73
146,7,24,149,157,4,80,2,150,75,156,74,62
162,149,157,66,4,96,18,112,148,75,2,150,80,140,142,156
146,5,21,18,112,80,73,133,155
162,146,135,107,19,149,29,157,4,67,18,112,80,73,140,1,133,155,58
146,135,157,4,112,150,75,80,77,133,155,74
140,165
146,149,18,157,4,112,110,80,1,133,156,74,58
133,74,18,165
120,4,150,133,62
133,4
24,4,150,2,140,133,156,58
108,5,22,4,70,2,133,156
155,133,60,67
162,133,150
87,146,80,51
59,7,149,157,4,148,150,80,140,156,58
29,150,75,133,156,15
21,133,18
133,108,74,9
124,4,112,75,156
54,108,7,149,164,150,109,165,140,32,133,156,74,58
59,55,19,116,141,163
156,18,80,23,155
146,143,112,80,156
133
162,24,157,18,31,112,150,75,2,165,156
5,21,107,157,18,110,80,1,133
80,73
133
14,7
140,109,164,7
146,55,24,156,18,67,80,75,73,140,133,155,74
133,29
24,157,73
115,14,49
112,110,80,133,155,74
21,24,133,18
157,29,159,80,75,165,133,62
29
146,75,110,18
162,59,8,24,29,66,96,142,74,80,2,150,109,140,56,133,155,15,58
59,156,157,67,112,80,150,133,155,74
133
93,120,144,4,150,148,142,74,155,156,14,96,140,59,55,8,87,24,157,143,112,75,165,133
2,109,133,140,142
140,80
157,29,18,80,140,133
162,149,4,150,75,140,133,156
149,156,150,58
80,59
107,133,156,18
157,1,80,165
80
150,74
172,93,107,149,144,4,150,54,74,0,155,156,58,5,164,80,77,140,177,34,162,146,59,24,157,143,112,52,1,133
115,14,86
66,2,7
8,21,107,18,29,4,148,114,32,133,156,177,39
108,18,4,2,109,140,133,156,74
120,29,4,142,75,133,155,74
112,80,4
140,133,90
155,80,18,67
112,159,157
157,112,133,80
140
112,133,156,29
113,29,18,4,155
80
112
133
113,144,80,140,156
133,2
87,31,115,80,165,1,156
133,156,4
146,157,62,80
24,80,66
108,4,148,114,142,74,95,2,156,58,14,109,140,177,162,7,87,24,66,79,56,132
116,148,16,54,18,115,155,58,14,80,109,77,140,162,146,59,135,157,67,166,110,23,165,1,132
49,172,21,107,4,148,74,0,2,155,58,80,109,140,145,59,157,66,23,165,56,133
124,74,2,140,177
14,59,156,29,18,4,140,163,112,150,2,80,75,109,160,56,133,155,62,58
2,75
24,120,0,19,18,4,2,133,165,142,156,74
152,68,120,18,96,4,112,150,140,142
155,18
110,80,75,133
24,112,75
2,140,133,155,74
10,146,107,120,29,22,4,112,150,80,2,133,156,169,58
133,156,73,80
5
21,80,29
112,75
138,107,19,21,0
162,113,14,107,149,29,103,4,157,142,80,77,32,1,133,156,74
55,8,24,144,4,143,163,150,2,139,56,142,156,74
156,74,4
24,29,4,163,110,150,2,109,133,142,156,74
108,21,18,2,133,156,74
14,59,8,156,157,18,149,112,80,150,73,165,140,133,155,58
24
162,146,120,157,67,4,80,2,150,56,156,58
112,80
146,7,144,67,155,58
4
146,80
140,74
146,156,110,80,1,142,155
59,66,164,109,140,156,74
146,92,29,112,80,133,155
162,21,107,149,4,150,140,56,133,156,74
146,29,18,112,75,133,155
162,170,75,133
155,29,80
133,54,103
59,107,120,96,163,112,32,133
21,120,2,133,140,145,156
87,177,75,80,17,133,74
160,2
60,92,29,61,80,75,133
138,5,0,21,29,61,155,74
120,156,155
155,4
133
156
146,0,149,112,80,155,58
21
107,133,155,29
55,24,19,157,66,18,67,142,112,165,80,2,109,75,148,140,133,156,74,58
133,109
138,5,21,107,92,157,67,112,150,156,177
149,144,4,148,142,74,2,156,19,164,80,109,140,162,55,8,24,66,75,56,133
18,112,150,75,80,133,155,74
21,133
133,29
59,157,66,149,142,140,133,156,74,58
24,120,66,164,2,109,133,74,58
107,133
138,59,5,66,140,133,156,74
112,75
133,157,75
156
59,116,109
24,120,133,156
80
142,155,74,133
146,152,96,73,153,155
157,110,80,75,133,155,62
75,62
157,112,80,75
124,21,149,144,80,150,133,156
107,29,4,140,133
14,7,24,120,156,157,116,107,96,4,143,56,80,109,133,140,1,142,155
59,120,150,109,140,156
112,165
60,24,21,22,61,4,133
133,29
18
146,157,80,1,155
80
162,59,90,107,5,21,24,151,66,4,70,112,2,109,140,133,156,74,39
160,133
21,144,150,160,74,18,29,2,156,58,19,96,80,109,77,140,38,146,59,8,66,143,56,133
133,80
162,55,51,80,2,23,160,156
112,58
18,67,112,110,80,75,133,155
112,133,73
146,80,144,138
14,146,4,2,75,140,133,156
155,150,4
49,7,112,80,54,58
157,29,67
24,133,4
138,146,172,8,5,0,107,112,150,156,74
112,59,75
21,133,80,5
155,133,108,73
2,75,165,142,62,58
146,59,55,124,137,157,29,4,115,112,110,80,148,109,2,140,133,155
112,19,133,124
21,24,4,140,56,133,74
14,90,21,29,145,133
24,107,18,112,140,133,155,74
107,21,4,70,150,54,2,139,155,156,58,5,84,80,140,162,59,7,157,67,133,39
21,133,90
133,142
156
24,4,133,74,62
146,49,24,157,166,4,70,112,80,140,56,133,155,74
112,80
142,156,4
0,62,96
146,24,156,0,144,51,163,56,112,80,75,73,2,133,140,1,142,155,58
24,133
133,156
142,140,133,156,62
14,138,5,0,107,149,133
14,146,80,155
140,24,80,58
21,0,62,39
167,7,24,149,103,4,84,77,140,54,156,72
140,156,150,74
146,49,55,24,29,67,164,112,110,80,150,109,148,140,133,156,74,58
108,124,21,22,4,150,142,74,18,2,155,156,58,14,137,19,96,80,140,177,24,112,110,73,165,56,133
80
177
168,17
75,56,74,4
112,133,157
112,146,80
59,5,0,18,2,140,133,156
80
61
148,4
112,75
146,55,167,103,80,165,54,155,62
162,14,160,124,8,87,24,29,4,148,2,133,140,142,156,74
112,120,29,4
108,172,107,0,95,52,133
108,90,24,0,5,29,95,51,75,145,23,140,62,133,74,26
107,0,75,61
0
14,133,29,4
107,133,108
162,108,59,172,7,21,0,5,149,144,150,140,54,156,58
107,108
21,133,107
133,80,29,146
108,107,22,150,160,0,18,95,2,156,155,14,5,80,77,32,177,162,146,55,24,66,73,52
80
138,21,87,4,133,52,38
115
4,163,114,74,0,156,155,14,158,103,80,140,146,55,7,24,157,31,23,73,165
14,24,149,4,56,133,156,74,58
149,156,150,58
107,56,74
18,112,110,80,1,133,74
80
21,133,96
8,21,107,140,133,58
5,19,149,96,4,150,2,109,156
21,18,67,112,80,75,165,133,155
4,150,74,18,155,156,80,140,177,128,162,146,135,167,8,24,157,67,31,112,73
155,110,80
148
2,4
133
14,4,112,2,165,85,133,156,74
133,4
155,51,4,112,75,2,133,156,74,62
89,107,21,22,3
112
21,149,4,112,150,80,75,156,58
29,4,112,80,75,133,155
156
62,4
124,8,24,65,107,29,4,75,145,140,56,133,155,62,34
120,4,133,155,74
21,29,112,75,133
108,124,107,144,116,4,150,142,74,18,2,156,155,58,109,140,24,66,67,165,133
1,80
24,120,29,4,74
112,146,18
21,70,3,133,169,26
140
24,150,4
62
146,157,18,67,112,110,80,155
146,108,167,29,53,4,79,163,44,56,133,74,39
150
156,7
140,74
24,155,75
172,68,21,107,149,4,160,0,115,2,83,156,165,10,5,140,145,24,66,112,52,133
162,155,54,146,21,107,157,22,4,112,80,75,148,77,140,1,133,156,177,58
155,39
133
108,59,21,149,103,2,140,133,34
133,80,18
140,87,162
140,150,21
142,80
162,124,107,4,58
80,74
112,157
120,149,163,80,150,140
14,108,0,2,54,74
133,155
146,24,19,66,4,133,177
162,146,21,156,157,18,61,112,80,140,1,133,155
140,157,112,80
112
133
155,108,157,96,156
14,80,55
74,4,58
167,87,149,116,103,4,77
113,146,157,18,67,148,80,142
116,144,143,142,148,2,109,150,140,133,156,58
146,157,18,67,112,80,1,155
156,18,4,112,150,75,2,177,109,140,133,155,74
171,4,112,80,77,15,26
107,156
120,18,29,4,112,80,140,133,156
14,146,59,24,157,66,29,4,142,61,112,110,150,80,73,140,56,133,155,74
110,59
133
149
21,112,133,61
108,120,4,150,15,74,29,2,83,169,58,171,61,80,109,140,145,162,59,157,66,112,1,133
133
87,157,144,163,80,2,133,142,155,74
107,22,116,4,150,54,18,156,169,58,10,36,60,103,80,77,177,62,162,59,90,157,51,112,75,165,133
19
112
59,124,8,80,2,140,133
24
140,29,8
55,5,29,18,112,159,140,133
21,155,133,157
156,108
107,21,140,133,74,58
75,51
5,24,107
120,144,163,140,155,62
80
112,142,80
133,29,52
21,89,133,18
116
150
112,80,75
133,61
160,155,59,8,24,4,112,150,2,80,75,140,85,156,74
2,157,144,58
107,133
156
80,18
140,142,58
133,80
124,93
150
157,51,110,80,73,165,133,155,34
18,51,112,80,73,165,155
140,24,109,58
108,150,58
146,96,4,80,153
80
155,80,168
21
80
14,21,150,165,133,74
150,96
140,150
80
24,4,150,2,140,156
157,80
133
29,4,112,75,133,155
133,29
138,59,172,107,0,157,18,149,112,80,2,77,32,58
59,112,150,75,80,140,156
55,107,24,21,158,144,116,29,143,112,75,2,139,165,140,32,133,155,62
146,59,124,8,24,19,156,66,164,142,80,75,109,2,140,133,155,62,58
21
24,19,21,107,163,32,56,142,156,74
160,146,155,157,4,112,80,2,140,1,156,58
24,160,162,4
59,24,19,18,4,112,75,140,133,156,74,62
107,0,5
107,18,171,96,112,80,133
21,92,29,4,142,61,150,75,133,156,74,62
133
112,108,75,80
146,157,80
74,156,2,4
162,10,146,59,149,22,66,4,112,74,80,150,109,2,83,140,133,156,169
107,21,149,144,22,4,163,150,148,160,142,18,139,155,58,14,36,19,103,80,77,140,32,145,62,128,34,162,146,59,55,135,8,87,24,66,51,143,112,75,165,56,133
156
155,110,156
146,149,157,112,110,80,62
24,112,133,66
49,93,149,144,163,150,148,54,74,130,1,18,2,139,155,58,103,164,84,80,109,77,140,62,162,146,59,167,7,24,157,66,67,143,112,110,75,23,73,56,133
157
138,124,0,177,52,140,133,156,74,58
59,149,148,2,150,74,58
162,113,59,167,107,24,22,80,150,109,140,156,58
142,157,80
133
49,108,172,149,4,15,152,0,1,92,2,17,156,138,5,61,80,140,62,146,24,157,112,75,23,56,133
146
14,7,66,4,140,150,114,2,109,160,133,156,74
146,157,29,66,4,31,163,112,80,75,77,140,1,133,156,74
107,21,22,70,150,160,18,155,156,58,103,84,80,109,77,140,145,177,162,59,167,8,56,133
155
14,146,18,109,140
146,18,67,75,133
156
146,24,120,157,29,4,80,75,23,1
112,133,80,155
133,165
24,133,80,73
146
5,155,52
80
133,18,29
24,133,156,4
62
162,7,149,157,112,80,150,109,73,140,1,156
24,149,4,150,54,156
74,165
157,1,148,80
24,150,4
146,157,62
146,120,157,80,165,1,74
8,157,80,140,156
124,93,149,116,144,4,148,150,142,54,74,132,18,115,2,139,156,58,14,19,164,80,109,77,140,59,8,7,24,166,143,73,56,133
146,8,24,21,156,157,149,4,143,148,2,150,80,140,133,155,74
162,133,156,18
176,8,24,107,4,148,140,56,32
156,80
59,21,29,133,156
133
112,75
133
80
74
149,73,77,165,140,133
21,149,4,150,142,74,2,138,5,80,109,140,24,157,66,79,31,112,75,23,52,56,133
162,14,29,4,112,80,2,140,156,74
55,24,112,133,156
155,133,80
162,146,167,7,156,158,103,4,31,80,2,150,77,165,54,155,74,62,58
162,160,49,21,120,19,22,4,112,150,2,109,75,148,140,12,133,156,169,58
157,18,80,83
112,80
146,24,116,143,112,80,142,156
108,59,21,0,149,4,80,2,109,77,150,140,56,54,156,74,133,58
24,58,66,7
146,157,29,51,4,31,112,80,140
112,133,31,165
21,133,80,29
160,156,18,80
124,29,61,133,62
24,112,80
21,4,148,74,18,2,155,156,80,140,34,146,59,7,24,157,66,67,110,23,73,133
29,18,67,75,133
90,24,107,120,149,142,148,2,150,140,133,156,39
133
7,21,164,4,148,109,77,140,56,54,156,177,58
112,47
80
80
133,80,75,62
146,157,29,96,110,150,75,80,2,109,140,155,74
24,155,4,165
146,59,120,112,110,80,58
146,24,1,157,149,112,80,109,81,140,56,155,74
14,66,51,4,115,133,34
49,108,24,66,29,4,177,74
162,24,5,120,157,22,4,112,80,2,145,140,133,74
21,133
14,124,8,24,163,2,133,140,56,142,156,74
133
162,80,59
80
146,59,124,107,24,120,157,19,29,96,142,18,150,80,73,140,1,133,155,74
59,74,58
87,18,29,75,73,140,133,155,74
133
156,150
157,51,4,67,80,75,1
133,80,29,18
140,133
24,21,110,140,133
112
156,112,140,133,155,74
59,107,24,29,4,150,74
73
24,21,29,4,56,39
140
21,157,70,80,75,1,133,62
133
80
140,0,156
156,148,74,59
107,92,66,80,75,133
162,108,112,80,140,156
155
66,4,47,80,2,133,74
162,160,7,24,149,66,4,84,148,2,109,77,140,142,156,74
162,49,108,59,7,21,156,87,116,29,164,150,2,109,80,133,54,74,58
4,150,2,109,133,156,74
59,2
24
156,150,8
113,146,59,55,14,107,156,1,157,21,18,112,150,80,145,133,56,142,155
140,59,58
4,112,110,80,77,133
133
133,29
140,59,8
156,150,4
146,59,24,0,156,164,4,112,110,80,150,2,109,140,12,133,155,74,58
80,75,51
24,112,80,75,73,140,1,142
112
133,150,124
110,150,75,108
21,4,148,142,74,18,2,155,156,60,19,61,80,109,140,177,62,26,34,146,90,8,24,157,66,67,112,110,75,56,133
146,96,80,1,156
146,59,124,21,29,150,80,140,133,74
80,4,165
157
14,155,124,85,24,87,150,2,109,145,140,56,133,156
8,112,80,140,142,156,58
108,163,140,156,74
146,18,67,112,80,73,155
156
19
146,4,31,112,80,2,150,75,1,133,155,62
133
55
138,135,146,112,80,140
24,2,109,140,12,156
24,112,150,58
21,67
59,120,4,150,140,56,156,74,58
133,80,75,51
133
133
120,144,163,133,142,74
49,108,172,107,120,149,4,150,148,54,89,0,2,155,58,14,138,19,171,96,109,140,59,167,66,112,75,56,133
133,148,4
75,62,4
157,112,80,146
162,155,24,120,157,112,74,80,156,177
19,133,150
144
21,157,29,112,80,75,133,62
140,58
29,144,4,163,150,133,74
150
146,66,112,80,58
103,4,133,155,74
80,23,73,1,133
80,23
146,24,19,66,4,109,140,56
8,19,29,4,142,75,140,133,156
133,29
107,4,150,114,74,18,29,2,156,155,58,80,77,140,162,146,7,24,157,67,112,75,73,1,133
140,120,133,29
49,68,149,116,4,148,18,115,58,14,80,109,77,140,162,43,146,59,7,157,66,67,110,73
4
55,120,29,150,156
14,146,138,49,172,59,21,0,157,29,18,149,103,4,80,2,165,133
155,156,2
113,136,8,21,29,4,112,80,165,1,133,74
155,74,80
21
140,80
90,87,0,19,29,133,74,26
133,156
19,133,177,73
146,80,58
146,165,31
61,133,156,4
138,5,0,157,18,80
146,157,29,4,143,112,110,150,80,148,139,133,74
29,96,7
146,149,4,112,150,80,75,140,156,58
156,133,150,75
24,165
108,172,69,120,4,150,148,160,142,15,74,13,152,11,127,0,18,95,156,155,138,36,102,171,96,80,140,153,34,146,24,157,66,67,112,110,73,23,165,12,133
21
87,24,29,4,150,148,109,140,133,156
55,116,4
21,133
21
133,80,108
133
156,157,158,18,112,80,140,1,155
21,18,61,112,159,133,58
157,109,58
24,18
55,21,0,156,18,96,4,74,112,80,2,109,77,75,140,150,133,155,177
115,14,163
21,107,18,67,2,133,155
107
21,133,75,39
21,24,157,29,18,4,67,112,150,73,133,156
21
146,138,107,5,157,22,61,4,74,80,75,23,52,32,1,169,39
108,21,61,150,133,74
108
146,157,18,67,112,110,80,156
160,138,59,60,172,146,24,0,120,149,103,4,112,80,109,140,133,156,74,58
80,2
5,107
146,144,4,80,150,140
8,157,80,133,58
108,21,0,22,70,133
162,59,7,157,149,109,77,140,56,54,156,177,58
107,21,29,67,133
87,58
108,107,149,116,144,4,163,148,150,142,74,29,2,139,155,156,58,19,80,140,34,162,59,55,24,75,1,133
146,21,5,29,112,80,133
162,14,49,66,84,56,54
133,29
138,5,0,18,133
146,108,24,1,66,4,80,2,73,140,56,133,155,74
24,157,96,112,80
49,59,164,67,109,140,58
177
24,80
140,133,59,4
112
29,112,80,133,156
162,146,59,152,24,157,29,96,112,80,2,148,150,140,56,133,156,74,58
112,80
21,133,29
160,49
24
8,24,19,156,157,66,4,112,159,109,133,140,142,155,74,62
120,29,164,8
24,120,66,140,133
133,80,26,4
140,0,80,59
8,143,110,150,139,140,155
140,112,80,150
146,157,29,112,110,80,150,177,140,133,155,74
133,157,73,80
80,150,29,4
133,74
7,24,120,149,164,109,140,133,156
21,22,4,80,73,133,155
113,146,135,69,51,96,112,80,133
146
80
107,74
110,80,29
155,21,18,73,3,133,156,39
162,96,115,61
0,172
133
18,73
80
5,61
59,8,80,133,1,142
20,87,18,99,122,134
133,156
146,80
2
133,29,61
157,155,112,80
150
146,117,55,108,24,66,18,4,168,29,159,133,74
18
86,157,144,66,4,80,133,1,145,74
5,21,107,22,133
24,66,4,80,109,140,133,74
155,24,5,142,148,160,32,133,156,62
146,24,29,4,112,150,177,80,77,133,156,74
4,29,77,58
24,18,112,80,74
162
107,169
124,68,149,144,163,148,74,18,29,115,2,139,58,14,103,164,80,162,43,146,59,167,90,157,67,143,112,23,1,133
159,80,75,73,1,62
146,18,67,4,2,133,142,155
113,18,4,142,110,73,81,85,133,156,74,58
59,124,19,18,4,140,133
29
59,8,120,19,157,18,4,67,110,80,73,1,133,155
162,146,156,18,67,4,112,150,75,73,133,155,74
29,4,150,2,133,156
24,29,18,96,142,67,73,133,56,54,155,74
4
120,156,80,2,155
108,90,61,80,133,156
177
155,21,24,67,4,2,73,133,140,145,156,74
169,21,24,66,4,2,140,133,74
162,108,24,0,18,150,80,140,133,156,62
24,87,163,2,17,140,133,156,74
120,18,4,73,133,155
7
14,146,4,112,150,80,23,77,165,54,156,58
133,29
14
18
133
112
133,148,116,163
157,29,67,80
87,80
80,62
124,120,4,150,148,142,54,74,89,92,29,18,2,156,155,14,61,140,62,162,59,8,24,3,133,39
146,80,124,58
107,149,150,54,0,18,2,156,14,138,5,103,80,77,140,177,146,59,24,157,1
24,4,148,156,74
138,108,130,167,24,21,107,149,66,103,4,5,67,150,2,75,56,156,74
107,112,80,142,74
155,157
24,133,2,4
150
14,146,8,19,51,67,96,112,80,56,155,74
146,157,22,18,31,112,80,73,23,165,1,133,156,74,58
146,55,157,103,112,80,23,54,155
140,155,80
155,146,59,4,2,109,140,133,156,74,58
21,112,61,7
146,124,24,29,67,142,80,133,155
133
24,66,74,140,133,156,177
155,4
0,108,156
21,157,148,80,156
157
14,107,61,73,133,155,74
14,146,59,172,5,0,107,149,157,80,52,1,133
162,14,86,59,54,156,4,84,112,80,109,77,1,133,155,74
21,133,169,61
162,14,167,7,116,77,54,58
4
18
133
81
140,24,4
21,0,61,109,85,133,156,74
146,62,96,165
133,155,80
21,133
157
155,146,148,18
146,49,24,19,149,144,18,67,4,157,112,110,80,150,2,140,56,133,156,74
157,80,165
133
146,8,18,112,110,80,23,155
112,110,80,23,1,62
124,8,66,4,56,133,58
112,133,156
112,80,18,4
4,80,75,73,133,62
107,120,4,133,156,74
18,55
140
112,157,80
162,80
156
133,60,108
133,75,29
14,59,55,93,116,144,133,54,58
24,4,163
14,49,108,59,146,93,8,43,96,143,164,148,114,139,140,74
5,21,149,61,80,2,77,139,32,156
24,133,155,18
87,24,96,140
133,172,4,165
138,172,21,0,107,5
80,75
4,110,80,133,62
24
149
80,58
157,18,67,112,80,73,133,58
59,0,66,54,156,58
146,8,66,96,133
140,66
74,58
49,21,107,149,4,148,3,142,74,1,92,18,29,2,155,58,61,80,109,140,62,146,59,8,24,157,112,75,23,56,133
133
